62
63
33
52
91
42
12
41
81
42
84
8
5
84
97
52
37
3
9
26
8
12
35
81
2
50
44
47
73
39
23
10
94
81
27
61
94
41
50
70
96
76
16
99
80
46
32
96
35
17
30
5
13
40
89
23
56
55
48
64
66
14
4
70
96
49
47
57
97
74
65
11
48
15
22
27
1
79
16
32
23
36
75
48
12
12
12
96
20
16
69
72
52
7
21
51
51
55
5
41
85
62
90
41
18
81
72
60
48
81
19
98
86
16
52
64
7
76
35
18
90
85
37
26
16
7
9
69
46
31
59
47
99
68
21
82
54
78
16
1
83
35
26
16
5
43
59
26
8
88
71
78
44
74
33
13
23
84
28
91
11
19
84
89
48
55
57
67
20
44
45
91
73
24
59
51
67
94
50
50
14
35
21
68
11
14
40
97
96
16
24
55
59
53
78
19
100
0
78
49
23
99
90
43
41
6
85
80
77
68
30
0
64
33
18
14
46
52
75
39
23
89
43
18
56
69
8
62
31
15
43
31
1
70
85
68
18
69
69
24
9
43
91
65
53
48
57
29
50
67
56
36
54
16
17
22
17
29
81
36
28
76
76
93
4
72
19
43
79
81
86
19
83
74
4
17
54
49
46
87
39
82
23
66
16
96
68
4
47
90
94
81
84
6
73
12
29
22
35
83
41
73
71
12
96
72
26
25
25
91
79
62
75
29
10
80
99
40
96
89
79
78
15
63
91
82
4
21
87
40
49
22
8
53
72
44
42
54
13
0
39
2
43
69
51
37
62
82
62
33
17
7
92
30
21
30
52
53
82
66
11
73
88
95
63
11
74
68
47
95
88
30
35
17
58
16
41
17
57
39
74
68
37
61
60
72
64
88
19
7
3
75
39
86
65
93
29
40
57
75
28
68
91
20
96
74
50
66
51
58
33
93
3
100
58
47
35
30
65
41
57
13
26
10
6
85
67
36
91
14
54
93
29
13
59
77
17
100
38
12
51
33
80
46
81
99
19
44
28
62
16
26
59
51
85
48
83
100
26
3
80
84
65
32
52
20
24
27
34
73
42
19
63
13
100
68
32
47
62
48
16
54
93
89
14
25
64
20
93
32
73
23
56
82
1
84
79
38
82
84
38
86
21
64
21
44
45
17
62
0
42
56
32
6
93
29
0
89
100
75
85
99
75
17
35
76
51
94
27
43
17
10
43
83
36
77
36
72
86
53
62
57
41
10
52
26
11
0
26
58
85
52
6
51
33
37
22
47
64
20
61
45
67
36
7
73
73
8
34
64
7
56
35
41
42
22
98
2
6
92
38
92
75
31
41
32
75
74
75
38
41
63
88
91
19
14
6
37
82
99
75
36
37
39
19
50
72
97
30
100
70
85
33
76
50
51
94
57
5
48
57
44
79
60
77
90
52
97
97
69
91
58
77
23
78
60
92
96
45
42
52
10
9
29
71
63
98
90
67
87
84
53
71
91
84
80
74
3
59
43
21
2
77
15
19
99
25
14
100
74
7
85
28
26
60
87
65
1
85
93
89
54
30
88
15
78
57
79
15
14
14
12
45
39
47
74
60
67
95
74
71
73
46
72
14
89
71
82
55
25
3
62
8
67
70
14
33
95
39
6
82
93
10
35
27
43
67
41
3
75
34
48
29
2
63
70
31
45
20
17
68
23
10
51
8
23
45
15
9
31
65
70
86
25
85
28
47
26
17
73
45
12
9
52
42
82
37
7
80
82
10
65
35
97
10
6
68
89
7
55
45
38
40
60
11
47
42
6
58
90
11
53
91
83
83
7
1
99
67
65
98
80
25
50
6
9
8
19
81
9
15
7
13
2
6
9
8
92
43
100
77
3
19
54
16
25
95
91
80
34
81
74
56
48
26
41
72
55
46
69
95
34
62
17
74
68
48
16
100
43
66
69
9
93
93
48
59
21
87
61
48
14
73
32
75
10
97
41
13
99
36
84
87
42
91
32
28
44
78
4
11
92
46
86
19
32
26
28
33
10
45
69
4
67
57
42
67
4
7
29
84
24
1
74
85
34
37
68
93
99
40
92
50
36
69
23
46
66
61
3
45
25
32
61
62
23
0
24
59
45
6
40
0
77
82
100
23
64
28
70
50
81
61
14
71
57
98
91
25
70
24
17
44
68
57
18
7
60
53
79
16
61
66
64
0
87
48
58
54
92
57
14
83
95
3
52
95
0
47
31
33
22
48
25
88
80
17
84
50
94
88
51
75
26
95
91
83
27
11
80
